0
0
0
0
0
0
0
0
0
0
0
0
0
0
0
0
0
0
0
0
0
0
0
0
0
0
0
0
0
0
0
0
0
0
141.593
144.144
145.455
0
0
179.775
179.775
175.824
0
179.775
0
0
0
160
0
142.857
135.593
128
125
119.403
116.788
0
108.108
219.178
0
0
0
0
0
0
0
129.032
126.984
0
0
0
0
0
0
0
0
129.032
121.212
118.519
114.286
111.111
108.108
106.667
0
0
0
0
0
0
0
0
0
0
0
120.301
117.647
0
0
0
0
0
0
0
0
0
0
0
0
0
0
105.96
103.896
105.96
103.896
0
0
0
95.8084
95.8084
0
0
0
0
0
0
0
0
0
108.108
105.96
0
0
109.589
109.589
110.345
109.589
219.178
216.216
216.216
210.526
207.792
0
0
0
0
0
0
0
0
0
0
0
0
190.476
197.531
192.771
195.122
192.771
195.122
195.122
200
192.771
192.771
186.047
0
0
0
0
0
0
500
500
0
0
0
0
238.806
0
0
0
153.846
172.043
0
484.848
484.848
484.848
0
0
0
0
0
0
0
0
0
0
0
0
0
0
0
0
0
0
0
0
0
0
0
0
0
0
0
0
0
0
0
0
0
0
0
0
0
0
0
0
0
0
0
0
0
0
0
0
246.154
120.301
121.212
125
253.968
253.968
0
0
0
500
500
500
173.913
0
0
0
0
0
0
0
0
0
0
0
0
0
0
0
0
0
0
0
0
0
0
0
0
0
119.403
119.403
119.403
119.403
0
0
131.148
131.148
131.148
130.081
129.032
125.984
124.031
121.212
118.519
115.108
111.111
213.333
213.333
207.792
195.122
181.818
0
202.532
222.222
0
0
0
205.128
207.792
205.128
98.1595
96.3855
0
216.216
219.178
222.222
112.676
0
115.108
122.137
125
125
0
0
0
0
0
0
0
0
0
107.383
103.226
0
0
0
0
0
0
0
0
0
0
0
296.296
290.909
0
105.96
0
0
0
0
0
0
301.887
0
0
0
0
0
0
280.702
0
0
0
0
0
0
0
0
0
0
0
0
0
0
0
0
0
0
0
0
0
0
0
0
0
0
0
0
0
0
0
0
0
0
0
0
0
0
134.454
133.333
126.984
228.571
225.352
216.216
210.526
205.128
195.122
188.235
0
0
93.0233
0
0
0
0
0
0
0
0
0
0
340.426
347.826
0
216.216
105.96
104.575
0
98.7654
177.778
170.213
0
500
500
0
0
0
0
0
0
0
0
0
0
0
0
0
0
0
0
0
200
0
0
0
0
0
0
0
0
0
0
0
0
0
0
0
0
0
0
400
0
0
0
0
115.942
116.788
116.788
116.788
115.942
114.286
111.888
108.844
108.844
266.667
266.667
103.896
0
0
0
0
0
0
132.231
137.931
142.857
0
149.533
150.943
152.381
0
0
0
0
0
0
0
160
150.943
145.455
141.593
0
120.301
120.301
120.301
121.212
118.519
112.676
222.222
0
0
0
100
100
103.896
108.844
108.108
0
0
0
195.122
192.771
188.235
0
0
0
0
0
111.111
109.589
108.844
109.589
326.531
0
225.352
0
126.984
126.984
125
122.137
0
0
0
0
0
0
0
0
0
0
0
0
0
0
183.908
0
0
0
111.111
111.111
109.589
106.667
103.896
103.896
103.226
101.266
99.3789
0
0
0
0
0
0
96.3855
91.954
0
0
0
0
0
0
0
0
0
0
0
0
100.629
97.561
95.2381
0
0
0
0
0
0
0
0
0
0
0
0
0
0
0
0
0
0
0
0
0
0
0
0
0
0
0
0
0
0
0
0
0
0
0
0
0
0
0
0
0
0
0
0
0
0
0
0
0
0
0
0
0
0
0
340.426
340.426
347.826
0
0
0
0
0
0
0
0
0
0
0
0
0
0
0
0
0
128
131.148
129.032
130.081
131.148
0
0
132.231
130.081
0
0
150.943
148.148
146.789
144.144
142.857
141.593
141.593
0
0
142.857
144.144
290.909
290.909
271.186
145.455
0
0
0
0
0
115.108
115.108
333.333
326.531
0
103.226
100
0
0
0
0
0
0
0
0
0
0
0
0
104.575
210.526
213.333
219.178
114.286
117.647
119.403
119.403
119.403
0
216.216
0
118.519
117.647
116.788
115.108
0
0
0
0
0
0
0
0
0
0
108.108
0
213.333
216.216
100.629
99.3789
97.561
96.3855
95.2381
0
0
0
175.824
91.954
92.4855
0
0
97.561
0
0
0
0
0
0
0
0
0
0
0
0
0
0
0
0
0
0
0
0
0
0
0
0
0
0
0
0
0
0
0
0
0
0
0
0
0
0
0
0
0
0
222.222
115.108
114.286
112.676
0
0
0
253.968
125
0
320
320
326.531
135.593
140.351
141.593
145.455
150.943
150.943
149.533
146.789
142.857
139.13
145.455
149.533
150.943
150.943
149.533
146.789
0
0
0
0
0
0
0
0
126.984
121.212
231.884
219.178
219.178
207.792
210.526
202.532
200
202.532
207.792
108.108
108.844
111.888
0
119.403
119.403
118.519
0
0
125.984
128
129.032
130.081
131.148
131.148
131.148
130.081
0
0
0
0
0
0
0
111.111
108.844
0
0
0
0
0
0
0
0
0
0
340.426
0
0
0
0
0
0
0
0
0
0
0
0
0
100
0
202.532
210.526
210.526
111.888
111.888
114.286
115.108
0
0
0
0
0
0
0
0
0
0
93.0233
0
0
0
0
0
0
0
0
0
0
0
0
0
0
0
89.3855
0
0
0
92.4855
90.9091
90.9091
91.954
0
0
92.4855
326.531
94.1176
0
0
94.6746
95.8084
99.3789
99.3789
0
0
0
0
0
0
0
207.792
205.128
95.8084
95.2381
181.818
195.122
195.122
190.476
192.771
200
213.333
0
89.3855
0
0
0
192.771
188.235
192.771
192.771
94.6746
186.047
0
0
0
0
0
0
0
0
0
0
0
0
0
0
0
0
0
0
0
0
0
0
0
0
0
0
0
0
0
0
0
0
0
0
0
0
0
0
0
0
0
0
0
0
0
0
0
0
0
0
0
0
0
0
484.848
484.848
0
0
0
0
0
0
0
0
0
0
0
0
0
0
0
0
0
0
100
98.1595
102.564
210.526
210.526
210.526
207.792
101.911
103.226
106.667
109.589
111.888
113.475
115.942
117.647
121.212
238.806
0
0
130.081
132.231
134.454
134.454
134.454
132.231
132.231
131.148
133.333
132.231
133.333
131.148
0
0
0
0
0
0
0
0
320
0
0
484.848
500
0
470.588
484.848
313.725
0
0
470.588
0
0
0
0
0
0
500
0
202.532
222.222
113.475
114.286
231.884
116.788
116.788
235.294
242.424
246.154
246.154
125.984
130.081
135.593
137.931
140.351
141.593
142.857
142.857
142.857
0
246.154
271.186
137.931
135.593
132.231
126.984
125
0
0
0
0
0
0
0
0
0
0
0
0
121.212
122.137
246.154
246.154
242.424
242.424
0
0
125.984
125
124.031
0
118.519
231.884
112.676
222.222
106.667
105.96
210.526
200
200
197.531
177.778
197.531
202.532
0
0
0
0
106.667
104.575
103.896
101.911
100.629
0
108.108
219.178
111.888
111.888
0
116.788
115.108
111.111
0
0
0
0
0
0
0
0
0
0
103.226
103.226
0
0
97.561
95.8084
0
0
0
0
326.531
326.531
105.96
101.911
0
0
0
0
0
0
0
0
0
109.589
105.96
104.575
103.226
0
0
0
0
0
0
0
0
0
0
0
0
0
0
0
0
100.629
0
195.122
192.771
192.771
192.771
190.476
186.047
0
0
0
0
0
0
0
0
0
0
0
0
0
0
0
0
0
0
0
0
0
0
0
0
0
0
0
0
0
0
0
0
0
0
0
0
0
0
0
0
0
0
0
0
0
0
0
0
0
0
0
0
0
115.108
0
0
210.526
105.263
103.896
101.266
0
0
0
0
0
0
0
0
0
103.226
0
195.122
192.771
192.771
195.122
0
0
0
0
0
0
0
0
135.593
137.931
137.931
133.333
129.032
0
238.806
231.884
219.178
216.216
222.222
216.216
0
0
0
0
0
0
0
95.8084
94.6746
186.047
205.128
0
200
200
0
0
0
0
0
0
128
119.403
119.403
118.519
114.286
110.345
213.333
0
98.1595
95.2381
93.5673
91.4286
0
0
0
0
0
0
0
0
0
105.263
105.263
105.96
0
0
0
0
0
117.647
115.942
113.475
111.888
110.345
0
0
0
0
0
0
0
0
0
0
0
0
0
0
0
0
0
0
0
0
0
0
0
0
0
0
0
0
0
0
0
0
0
0
0
0
0
100
192.771
0
0
0
205.128
0
0
0
0
0
0
0
0
0
0
0
0
96.9697
95.8084
94.6746
91.954
0
0
0
0
0
0
0
0
0
0
0
0
0
0
0
0
0
0
0
0
0
0
0
0
0
0
0
0
0
0
0
0
0
0
0
313.725
313.725
313.725
313.725
0
